0	2.086562e+02
1	2.086767e+02
2	2.086868e+02
3	2.086866e+02
4	2.086658e+02
5	2.086962e+02
6	2.086788e+02
7	2.086665e+02
8	2.086667e+02
9	2.086760e+02
10	2.086969e+02
11	2.086761e+02
12	2.086654e+02
13	2.086756e+02
14	2.086749e+02
15	2.086678e+02
16	2.086694e+02
17	2.086961e+02
18	2.086966e+02
19	2.086768e+02
20	2.086956e+02
21	2.086594e+02
22	2.086558e+02
23	2.086579e+02
24	2.086650e+02
25	2.086859e+02
26	2.086965e+02
27	2.086809e+02
28	2.086848e+02
29	2.085789e+02
30	2.084682e+02
31	2.084197e+02
