0	2.074104e+02
1	2.074526e+02
2	2.074842e+02
3	2.074836e+02
4	2.074828e+02
5	2.074728e+02
6	2.074831e+02
7	2.074732e+02
8	2.074834e+02
9	2.074727e+02
10	2.074628e+02
11	2.074715e+02
12	2.074825e+02
13	2.074826e+02
14	2.074614e+02
15	2.074723e+02
16	2.074836e+02
17	2.074527e+02
18	2.074737e+02
19	2.074429e+02
20	2.074623e+02
21	2.074722e+02
22	2.074718e+02
23	2.074614e+02
24	2.074624e+02
25	2.074574e+02
26	2.074579e+02
27	2.074109e+02
28	2.073906e+02
29	2.073905e+02
30	2.073882e+02
31	2.074103e+02
32	2.073838e+02
33	2.074128e+02
34	2.073833e+02
35	2.073869e+02
36	2.074033e+02
37	2.074122e+02
38	2.073925e+02
39	2.074018e+02
40	2.073883e+02
41	2.074020e+02
42	2.074023e+02
43	2.073989e+02
44	2.074026e+02
45	2.073982e+02
46	2.073661e+02
47	2.073798e+02
48	2.073316e+02
49	2.073704e+02
50	2.071399e+02
51	2.072557e+02
52	2.071753e+02
53	2.070408e+02
54	2.070772e+02
55	2.072046e+02
56	2.070148e+02
57	2.071233e+02
58	2.069172e+02
59	2.067951e+02
60	2.066995e+02
61	2.066803e+02
62	2.067577e+02
63	2.067209e+02
