0	2.336156e+02
1	2.332919e+02
2	2.336294e+02
3	2.336348e+02
4	2.335896e+02
5	2.336893e+02
6	2.336595e+02
7	2.336594e+02
8	2.335895e+02
9	2.336499e+02
10	2.336295e+02
11	2.336442e+02
12	2.336195e+02
13	2.336898e+02
14	2.336744e+02
15	2.336849e+02
16	2.335757e+02
17	2.335986e+02
18	2.335888e+02
19	2.335986e+02
20	2.335490e+02
21	2.336487e+02
22	2.336188e+02
23	2.336187e+02
24	2.335489e+02
25	2.336460e+02
26	2.336213e+02
27	2.336360e+02
28	2.336114e+02
29	2.336861e+02
30	2.336663e+02
31	2.336811e+02
