0	1.846972e+02
1	1.846548e+02
2	1.844926e+02
3	1.846592e+02
4	1.846576e+02
5	1.846703e+02
6	1.846637e+02
7	1.846592e+02
8	1.846695e+02
9	1.846593e+02
10	1.846595e+02
11	1.846600e+02
12	1.846595e+02
13	1.846752e+02
14	1.846594e+02
15	1.846549e+02
16	1.846577e+02
17	1.846184e+02
18	1.846186e+02
19	1.846184e+02
20	1.846168e+02
21	1.846295e+02
22	1.846228e+02
23	1.846184e+02
24	1.846287e+02
25	1.846513e+02
26	1.846515e+02
27	1.846561e+02
28	1.846515e+02
29	1.846672e+02
30	1.846558e+02
31	1.846513e+02
32	1.846496e+02
33	1.846184e+02
34	1.846187e+02
35	1.846184e+02
36	1.846168e+02
37	1.846295e+02
38	1.846229e+02
39	1.846184e+02
40	1.846288e+02
41	1.846127e+02
42	1.846082e+02
43	1.846176e+02
44	1.846129e+02
45	1.846286e+02
46	1.846125e+02
47	1.846070e+02
48	1.846111e+02
49	1.845703e+02
50	1.845706e+02
51	1.845703e+02
52	1.845687e+02
53	1.845814e+02
54	1.845748e+02
55	1.845703e+02
56	1.845807e+02
57	1.846589e+02
58	1.846592e+02
59	1.846637e+02
60	1.846592e+02
61	1.846748e+02
62	1.846635e+02
63	1.846589e+02
